s	h:m:s	max_rss	max_vms	max_uss	max_pss	io_in	io_out	mean_load	cpu_time
818.0692	0:13:38	13492.49	23400.52	11402.60	11548.34	0.00	0.00	1218.73	9977.77
